1 205000 1 1854.25 -1915.19 15.26 0
2 205000 1 1872.15 -1912.22 15.26 0
3 233000 1 1891.90 -1915.04 15.26 0
4 233000 1 1913.48 -1912.09 15.26 0
5 1800000 2 977.35 -771.64 112.20 0
6 100000 0 1895.27 -2068.73 15.67 0
7 100000 0 1873.44 -2070.39 15.50 0
8 100000 0 1851.58 -2069.15 15.30 0
9 90000 0 1851.64 -2135.43 15.39 0
10 90000 0 1872.67 -2133.06 15.48 0
11 90000 0 1894.30 -2134.13 15.47 0
12 80000 0 1801.96 -2099.38 14.02 0
13 90000 0 1781.33 -2101.44 14.06 0
14 85000 0 1762.26 -2102.14 13.86 0
15 82000 0 1734.34 -2098.13 14.04 0
16 81000 0 1711.53 -2101.35 14.02 0
17 130000 0 1684.33 -2098.35 13.83 0
18 110000 0 1667.26 -2107.12 14.07 0
19 95000 0 1673.47 -2121.96 14.15 0
20 90000 0 1694.85 -2125.64 13.81 0
21 88000 0 1715.01 -2125.01 14.06 0
22 79000 0 1734.57 -2130.15 14.02 0
23 91000 0 1760.99 -2125.31 14.06 0
24 90000 0 1782.07 -2125.79 14.07 0
25 92000 0 1804.22 -2124.90 13.94 0
26 350000 1 1980.58 -1719.00 17.03 0
27 350000 1 1982.28 -1682.92 17.05 0
28 190000 1 2014.96 -1732.59 14.23 0
29 90000 0 2016.03 -1717.24 14.11 0
30 190000 1 2017.22 -1703.73 14.22 0
31 170000 1 2012.57 -1656.35 13.55 0
32 169000 1 2015.99 -1642.35 13.78 0
33 160000 1 2017.26 -1629.90 13.55 0
34 150000 0 2068.18 -1629.02 13.88 0
35 143000 0 2067.60 -1643.52 14.14 0
36 100000 0 2067.19 -1656.32 13.94 0
37 210000 1 2066.29 -1703.18 14.15 0
38 90000 0 2067.11 -1717.08 13.55 0
39 90000 0 2067.42 -1731.29 13.88 0
40 80000 0 2243.95 -1638.29 15.91 0
41 79000 0 2257.23 -1644.42 15.52 0
42 80000 0 2282.15 -1642.67 15.23 0
43 80000 0 2306.94 -1678.81 14.00 0
44 150000 0 2327.61 -1681.64 14.93 0
45 78000 0 2325.62 -1716.88 13.91 0
46 90000 0 2309.03 -1715.48 14.65 0
47 140000 0 2385.62 -1712.33 14.24 0
48 98000 0 2367.93 -1673.85 13.54 0
49 110000 0 2384.48 -1675.24 14.92 0
50 89000 0 2408.83 -1673.76 13.60 0
51 97000 0 2459.19 -1691.24 13.55 0
52 400000 1 2495.64 -1690.96 14.77 0
53 90000 0 2514.04 -1691.60 14.05 0
54 110000 0 2521.56 -1678.96 15.45 0
55 99000 0 2524.31 -1658.58 15.49 0
56 70000 0 2513.46 -1650.27 14.36 0
57 91000 0 2498.18 -1643.16 13.78 0
58 90000 0 2469.42 -1646.56 13.78 0
59 69000 0 2451.84 -1641.78 13.74 0
60 78000 0 2413.07 -1647.72 13.75 0
61 90000 0 2392.52 -1647.10 13.54 0
62 60000 0 2362.75 -1643.98 13.53 0
63 110000 0 2438.27 -2019.77 13.64 0
64 100000 0 2464.97 -2020.60 14.12 0
65 115000 0 2486.86 -2021.38 14.00 0
66 111000 0 2507.55 -2020.90 14.21 0
67 112000 0 2522.40 -2018.67 14.07 0
68 102000 0 2524.39 -1998.87 13.78 0
69 110000 0 2508.24 -1998.58 13.90 0
70 116000 0 2483.79 -1996.97 13.83 0
71 103000 0 2465.06 -1996.22 13.69 0
72 120000 0 2696.58 -1990.57 14.22 0
73 113000 0 2672.31 -1989.85 13.99 0
74 130000 0 2652.93 -1989.61 14.00 0
75 113000 0 2637.04 -1992.23 13.99 0
76 113000 0 2635.25 -2012.33 14.14 0
77 115000 0 2650.53 -2021.58 14.18 0
78 117000 0 2673.34 -2019.50 13.91 0
79 140000 0 2695.33 -2020.35 14.02 0
80 550000 1 2853.53 -1365.78 14.16 0
81 130000 0 2808.16 -1281.11 43.69 0
82 130000 0 2783.66 -1281.27 44.29 0
83 130000 0 2808.74 -1302.71 38.80 0
84 130000 0 2782.31 -1306.15 38.81 0
85 190000 1 2797.87 -1245.53 47.32 0
86 190000 1 2776.05 -1245.55 49.46 0
87 183000 1 2749.76 -1238.86 61.52 0
88 182000 1 2749.15 -1222.28 64.60 0
89 181000 1 2748.87 -1205.62 67.48 0
90 260000 1 2626.86 -1112.39 67.89 0
91 160000 1 2626.75 -1098.62 69.37 0
92 178000 1 2628.07 -1084.96 69.62 0
93 177000 0 2629.73 -1067.52 69.62 0
94 120000 0 2579.95 -1033.37 69.58 0
95 130000 0 2561.36 -1034.25 69.67 0
96 120000 0 2549.40 -1031.59 69.58 0
97 119999 0 2527.20 -1033.52 69.58 0
98 140000 0 2512.28 -1027.33 70.09 0
99 110000 0 2479.53 -1063.96 67.00 0
100 110000 0 2499.61 -1066.18 70.13 0
101 111000 0 2526.23 -1061.37 69.97 0
102 111000 0 2533.45 -1062.82 69.57 0
103 150000 0 2576.68 -1070.38 69.83 0
104 150000 0 2571.27 -1091.65 66.96 0
105 170000 1 2519.22 -1113.26 56.59 0
106 140000 0 2470.49 -1104.53 43.98 0
107 138000 0 2456.94 -1101.10 43.83 0
108 135000 0 2438.66 -1105.42 42.75 0
109 177000 1 2407.61 -1106.81 40.30 0
110 140000 0 2373.99 -1140.51 28.53 0
111 150000 0 2395.08 -1134.95 30.65 0
112 120000 0 2427.40 -1135.77 34.71 0
113 130000 1 2488.33 -1135.89 39.27 0
114 166661 1 2509.51 -1132.85 41.10 0
115 100000 0 2491.41 -1011.82 65.40 0
116 100000 0 2461.59 -1012.48 60.11 0
117 100000 0 2439.79 -1010.50 54.34 0
118 100000 0 2457.17 -1054.63 59.74 0
119 100000 0 2440.59 -1056.71 54.74 0
120 70000 0 2389.45 -1037.32 53.56 0
121 60000 0 2371.13 -1034.79 54.41 0
122 70000 0 2334.93 -1045.23 52.36 0
123 70000 0 2296.60 -1054.34 49.93 0
124 70000 0 2282.79 -1048.99 49.50 0
125 100000 0 2454.34 -964.14 80.07 0
126 120000 0 2472.83 -962.50 80.53 0
127 110000 0 2491.00 -966.07 82.24 0
128 100000 0 2518.06 -965.18 82.33 0
129 95000 0 2552.13 -957.85 82.63 0
130 100000 0 2582.99 -953.10 81.39 0
131 110000 0 2581.51 -969.71 81.36 0
132 100000 0 2499.57 -947.20 82.47 0
133 100000 0 2460.67 -948.67 80.09 0
134 150000 0 2387.43 -1280.06 24.87 0
135 150000 0 2387.09 -1328.05 24.86 0
136 200000 1 2388.01 -1345.38 24.65 0
137 150000 0 2382.63 -1366.72 24.23 0
138 200000 1 2440.66 -1356.80 24.06 0
139 220000 1 2440.29 -1338.55 24.11 0
140 220000 1 2435.13 -1320.84 24.85 0
141 220000 1 2434.59 -1303.07 24.91 0
142 140000 0 2435.22 -1289.10 25.35 0
143 145000 0 2435.03 -1274.85 24.38 0
144 160000 1 2468.32 -1278.07 30.10 0
145 162000 1 2469.37 -1294.93 29.94 0
146 140000 0 2473.00 -1238.30 32.57 0
147 140000 0 2492.03 -1239.16 37.91 0
148 150000 0 2551.47 -1234.67 49.00 0
149 160000 1 2485.23 -1280.16 30.79 0
150 160000 1 2483.77 -1293.34 30.43 0
151 192000 1 2484.53 -27.96 28.44 0
152 370000 1 2148.06 -1484.58 26.62 0
153 140000 0 2146.03 -1470.35 25.55 0
154 140000 0 2151.01 -1446.59 25.77 0
155 130000 0 2148.18 -1433.63 25.54 0
156 150000 0 2149.37 -1419.06 25.86 0
157 140000 0 2149.77 -1400.85 25.80 0
158 120000 0 2129.08 -1362.50 25.55 0
159 150000 0 2147.14 -1367.27 25.64 0
160 135000 0 2185.75 -1364.96 25.83 0
161 135000 0 2202.53 -1364.18 25.86 0
162 130000 0 2197.98 -1403.82 25.62 0
163 130000 0 2192.64 -1455.75 25.54 0
164 130000 0 2192.33 -1470.41 25.80 0
165 130000 0 2230.63 -1395.56 24.00 0
166 130000 0 2243.10 -1395.79 24.00 0
167 130000 0 2255.48 -1395.70 24.00 0
168 130000 0 2232.74 -1470.87 24.00 0
169 130000 0 2247.61 -1470.06 24.02 0
170 130000 0 2263.44 -1470.81 23.59 0
171 150000 0 2249.87 -1238.76 25.90 0
172 150000 0 2228.90 -1241.40 25.66 0
173 130000 0 2209.49 -1239.28 24.15 0
174 140000 0 2191.51 -1237.92 23.98 0
175 150000 0 2154.39 -1242.75 25.37 0
176 130000 0 2132.38 -1232.91 24.42 0
177 140000 0 2110.97 -1243.04 25.82 0
178 140000 0 2090.80 -1234.77 25.69 0
179 180000 1 2091.31 -1279.21 26.11 0
180 160000 1 2111.11 -1279.61 25.69 0
181 170000 1 2132.07 -1280.05 25.89 0
182 150000 0 2150.34 -1286.74 24.20 0
183 150000 0 2148.38 -1318.99 25.74 0
184 350000 1 2126.66 -1320.08 26.62 0
185 140000 0 2100.91 -1320.48 25.92 0
186 140000 0 2093.56 -1123.15 27.69 0
187 170000 1 2095.17 -1145.09 26.59 0
188 170000 1 2092.00 -1166.71 26.59 0
189 150000 0 2092.11 -1184.58 27.06 0
190 150000 0 2046.20 -1116.12 26.36 0
191 170000 1 2023.17 -1122.10 26.20 0
192 140000 0 1955.19 -1114.87 27.83 0
193 180000 0 1939.19 -1114.68 27.45 0
194 150000 0 1921.99 -1115.94 27.09 0
195 170000 1 1906.13 -1113.45 26.66 0
196 150000 0 1886.46 -1113.82 26.28 0
197 190000 1 2288.40 -1079.64 47.54 0
198 160000 1 2259.95 -1018.81 59.30 0
199 160000 1 2219.08 -1030.87 59.97 0
200 170000 1 2186.30 -998.25 66.47 0
201 160000 1 2109.07 -999.67 60.51 0
202 150000 0 2044.69 -965.69 44.08 0
203 150000 0 2073.17 -966.83 48.80 0
204 140000 0 2023.24 -1053.77 25.60 0
205 140000 0 2036.32 -1059.69 25.65 0
206 140000 0 2051.11 -1066.68 25.78 0
207 400000 1 1441.56 -926.40 39.64 0
208 390000 1 1410.89 -920.83 38.42 0
209 650000 1 1421.41 -885.27 50.65 0
210 600000 1 1468.38 -905.99 54.84 0
211 1400000 2 1540.24 -851.41 64.34 0
212 770000 1 1534.56 -800.22 72.85 0
213 777000 1 1527.61 -772.65 80.58 0
214 2850000 3 1496.97 -687.89 95.56 0
215 1700000 2 1442.42 -630.15 95.72 0
216 1480000 2 993.81 -1058.14 33.70 0
217 1480000 2 1051.28 -1058.47 34.80 0
218 193000 1 2513.30 -28.21 28.44 0
219 184000 1 2551.06 57.74 27.68 0
220 190000 1 2551.10 -6.73 27.68 0
221 190000 1 2548.84 24.09 27.68 0
222 430000 1 984.85 1930.72 11.47 2
223 430000 1 985.58 1901.04 11.46 2
224 510000 1 984.11 1878.46 11.47 2
225 1600000 2 1332.15 -631.87 109.13 0
226 5050000 3 1298.11 -798.13 84.14 0
227 1450000 2 1112.49 -741.66 100.13 0
228 1600000 3 1093.76 -806.78 107.42 0
229 1250000 1 1034.44 -812.64 101.85 0
230 1320000 1 989.28 -828.93 95.47 0
231 1125000 1 937.47 -848.24 93.66 0
232 1360000 1 924.40 -852.94 93.46 0
233 2200000 3 835.89 -894.07 68.77 0
234 1220000 1 827.79 -858.17 70.33 0
235 2000000 3 724.97 -999.00 52.73 0
236 1650000 2 700.23 -1060.07 49.42 0
237 2250000 2 470.22 -1163.82 67.22 0
238 1600000 2 416.51 -1154.16 76.69 0
239 1350000 1 352.04 -1198.03 76.52 0
240 2666000 3 300.36 -1154.80 81.32 0
241 2455500 3 251.79 -1220.49 76.01 0
242 2400000 3 253.10 -1269.95 74.38 0
243 1900000 3 219.28 -1249.96 78.34 0
244 2680000 3 189.76 -1308.67 70.25 0
245 700000 1 432.04 -1253.96 51.58 0
246 1300000 1 397.17 -1271.62 50.02 0
247 600000 1 354.47 -1281.03 53.70 0
248 2500000 3 298.87 -1338.26 53.44 0
249 2408000 3 254.48 -1366.90 53.11 0
250 900000 1 228.29 -1405.54 51.61 0
251 2050000 2 808.52 -758.79 76.53 0
252 1100000 1 847.82 -745.25 94.97 0
253 1690000 2 867.70 -716.83 105.68 0
254 1600000 2 897.91 -677.52 116.89 0
255 1200000 1 945.92 -710.06 122.62 0
256 1711000 3 980.37 -677.09 121.98 0
257 1888000 3 1044.90 -642.80 120.12 0
258 2000000 3 1095.11 -647.69 113.65 0
259 1899000 2 559.34 -1076.11 72.92 0
260 1800000 2 497.45 -1094.93 82.36 0
261 1500000 2 315.56 -1769.62 4.62 0
262 1200000 2 280.69 -1767.23 4.55 0
263 1410000 2 207.05 -1769.03 4.37 0
264 1570000 2 167.97 -1768.58 4.48 0
265 755000 1 656.64 -1636.01 15.86 0
266 765000 1 657.23 -1652.62 15.41 0
267 480000 1 1030.63 1928.25 11.47 2
268 845000 1 698.21 -1626.67 3.75 0
269 845000 1 693.96 -1645.72 4.09 0
270 740000 1 694.33 -1690.65 4.35 0
271 740000 1 693.74 -1705.61 3.82 0
272 550000 1 921.68 -1803.85 13.84 0
273 550000 1 957.77 -1809.10 13.88 0
274 520000 1 893.27 -1635.97 14.93 0
275 520000 1 864.97 -1634.65 14.93 0
276 1650000 2 901.79 -1514.84 14.37 0
277 1600000 2 897.98 -1473.00 14.35 0
278 1590000 2 900.76 -1447.44 14.31 0
279 1500000 2 841.30 -1471.36 14.31 0
280 1500000 2 813.69 -1456.59 14.22 0
281 1450000 2 852.16 -1422.71 14.07 0
282 459000 1 1030.68 1847.87 11.47 2
283 1510000 2 822.38 -1505.31 14.40 0
284 1630000 2 849.80 -1519.71 14.35 0
285 1500000 2 -2661.85 877.06 79.77 1
286 1500000 2 -2640.76 935.28 71.95 1
287 1450000 2 1117.97 -1021.52 34.99 0
288 1455000 2 1128.01 -1021.40 34.99 0
289 450000 1 1068.62 -1081.45 27.48 0
290 170000 1 2415.24 -52.07 28.15 0
291 169000 1 2438.15 -54.43 28.15 0
292 450000 1 986.24 -1094.45 27.60 0
293 450000 1 1326.41 -1089.45 27.98 0
294 450000 1 1326.09 -1068.18 31.55 0
295 2500000 3 954.44 -910.93 45.77 0
296 2500000 3 954.44 -910.93 45.77 0
297 3355000 2 1382.01 -1088.43 28.07 0
298 450000 1 -2028.03 -40.77 38.80 1
299 625000 1 -2515.25 -188.95 25.06 1
300 465000 1 -2515.21 -170.79 25.07 1
301 465000 1 -2515.24 -153.92 25.06 1
302 455000 1 -2524.01 -118.73 21.82 1
303 406000 1 -2541.45 -118.85 16.24 1
304 406000 1 -2558.23 -119.37 11.03 1
305 406000 1 -2575.99 -119.05 6.58 1
306 380000 2 -2623.24 -100.16 7.20 1
307 380000 1 -2625.84 -105.44 7.20 1
308 460000 1 -2620.85 -134.65 5.00 1
309 480000 1 -2620.93 -146.42 7.20 1
310 460000 1 -2625.85 -162.28 7.20 1
311 500000 1 -2620.51 -185.72 7.20 1
312 500000 1 -2625.69 -190.79 7.20 1
313 345000 1 -2678.28 -192.03 7.20 1
314 1900000 3 -2720.96 924.19 67.59 1
315 1900000 3 -2710.78 967.94 54.46 1
316 1745000 3 -2706.36 864.60 70.70 1
317 270000 1 -2739.09 865.96 65.29 1
318 270000 1 -2737.02 847.50 59.27 1
319 270000 1 -2738.05 837.11 56.29 1
320 270000 1 -2710.23 804.76 49.98 1
321 270000 1 -2698.91 803.28 49.97 1
322 270000 1 -2687.96 803.60 49.98 1
323 270000 1 -2677.22 803.08 49.98 1
324 270000 1 -2670.59 803.27 49.98 1
325 270000 1 -2658.92 803.23 49.98 1
326 270000 1 -2646.19 803.89 49.98 1
327 380000 1 -2640.12 729.99 30.08 1
328 380000 1 -2661.29 722.25 27.96 1
329 380000 1 -2666.93 722.12 27.96 1
330 450000 1 -2678.49 722.25 28.60 1
331 320000 1 -2372.64 784.42 35.10 1
332 320000 1 -2369.55 763.67 35.11 1
333 320000 1 -2368.85 740.30 35.15 1
334 320000 1 -2368.82 711.91 35.17 1
335 320000 1 -2373.41 693.03 35.16 1
336 380000 1 -2285.13 829.21 57.17 1
337 380000 1 -2284.92 849.53 65.41 1
338 360000 1 -2159.24 753.15 69.51 1
339 360000 1 -2159.02 786.12 69.52 1
340 1800000 2 -2099.23 897.45 76.71 1
341 1800000 2 -2058.81 889.54 61.86 1
342 370000 1 -2015.36 896.76 45.45 1
343 370000 1 -2018.43 849.14 45.45 1
344 370000 1 -2018.03 832.11 45.45 1
345 230000 1 -1955.82 1273.16 7.56 1
346 230000 1 -1970.08 1273.16 7.56 1
347 250000 1 -2024.95 1276.08 7.19 1
348 250000 1 -2024.95 1276.08 7.19 1
349 345000 1 -2223.75 902.80 66.65 1
350 345000 1 -2174.30 902.86 80.01 1
351 345000 1 -2174.35 934.23 80.00 1
352 345000 1 -2228.63 934.24 66.65 1
353 277000 1 -2238.89 962.67 66.65 1
354 277000 1 -2238.97 944.05 66.65 1
355 355000 1 -2160.06 1001.29 80.00 1
356 355000 1 -2160.02 983.41 80.00 1
357 355000 1 -2160.06 964.09 80.00 1
358 355000 1 -2160.08 946.20 80.00 1
359 465000 1 -2563.45 1149.04 55.73 1
360 480000 1 -2547.83 1145.46 55.73 1
361 475000 1 -2534.40 1143.45 55.73 1
362 465000 1 -2523.70 1142.59 55.73 1
363 480000 1 -2515.72 1142.31 55.73 1
364 470000 1 -2505.69 1141.98 55.73 1
365 482000 1 -2492.66 1141.81 55.73 1
366 400000 1 1242.15 -1076.08 31.55 0
367 400000 1 1242.40 -1099.06 27.98 0
368 400000 1 1285.06 -1090.19 28.26 0
369 400000 1 1284.97 -1067.69 31.67 0
370 400000 1 1141.97 -1070.18 31.77 0
371 400000 1 1142.27 -1091.76 28.19 0
372 400000 1 1183.32 -1098.04 28.26 0
373 400000 1 1183.39 -1076.20 31.68 0
374 400000 1 1103.26 -1092.15 28.47 0
375 400000 1 1103.23 -1069.64 31.89 0
376 650000 1 1058.82 -1105.16 28.05 0
377 600000 1 794.18 -1707.50 14.04 0
378 310000 1 795.04 -1691.77 14.46 0
379 450000 1 798.10 -1727.50 13.55 0
380 400000 1 791.53 -1753.40 13.46 0
381 600000 1 769.02 -1745.48 13.08 0
382 700000 1 769.02 -1697.25 5.16 0
383 650000 1 768.08 -1655.71 5.61 0
384 600000 1 653.24 -1619.55 15.00 0
385 600000 1 652.50 -1693.96 14.55 0
386 900000 1 771.33 -1510.59 13.55 0
387 900000 1 782.97 -1463.98 13.55 0
388 800000 1 784.56 -1435.83 13.55 0
389 374500 1 -2545.04 920.17 64.98 1
390 900000 1 761.25 -1563.95 13.93 0
391 374000 1 -2551.19 920.24 64.98 1
392 375000 1 -2562.89 920.22 64.98 1
393 950000 1 648.73 -1536.98 14.96 0
394 950000 1 648.40 -1489.72 14.82 0
395 950000 1 648.72 -1442.43 14.68 0
396 960000 1 685.74 -1421.76 14.74 0
397 1000000 1 739.29 -1418.36 13.52 0
398 700000 1 142.29 -1469.04 25.20 0
399 1450000 2 -684.09 939.63 13.63 1
400 1500000 2 -692.20 938.93 13.63 1
401 455000 1 1029.18 1905.59 11.46 2
402 470000 1 1030.18 1876.27 11.47 2
403 371000 1 -2241.16 786.07 49.39 1
404 371000 1 -2224.57 820.95 49.44 1
405 305000 1 -2112.76 795.90 69.56 1
406 307000 1 -2093.84 795.86 69.56 1
407 755000 1 2450.11 742.99 11.46 2
408 165000 1 2391.45 -53.47 28.15 0
409 165000 1 2367.18 -49.12 28.15 0
410 780000 1 2398.99 735.58 11.46 2
411 890000 1 2369.49 735.02 11.46 2
412 560000 1 2346.97 736.46 11.47 2
413 780000 1 2257.87 655.86 11.45 2
414 560000 1 2449.90 714.05 11.47 2
415 760000 1 2449.07 689.44 11.46 2
416 760000 1 2449.85 662.43 11.46 2
417 780000 1 2317.79 655.92 11.45 2
418 510000 1 2345.75 656.49 11.46 2
419 775000 1 2368.53 655.02 11.46 2
420 524000 1 2397.71 655.67 11.46 2
421 900000 1 2123.00 651.51 11.46 2
422 760000 1 2093.84 650.58 11.46 2
423 510000 1 2065.83 650.07 11.47 2
424 520000 1 2042.99 651.53 11.46 2
425 480000 1 2014.13 650.60 11.46 2
426 850000 1 2011.40 694.63 11.46 2
427 630000 1 2041.09 695.29 11.45 2
428 780000 1 2396.93 690.34 11.45 2
429 520000 1 2368.97 689.87 11.46 2
430 780000 1 2346.09 691.45 11.46 2
431 970000 1 2316.84 690.56 11.46 2
432 760000 1 2256.87 690.51 11.45 2
433 466000 1 2228.37 690.29 11.46 2
434 730000 1 2206.26 691.42 11.46 2
435 810000 1 2177.41 690.52 11.46 2
436 1200000 3 552.80 -1199.74 44.83 0
437 830000 1 2257.94 735.32 11.46 2
438 540000 1 2227.99 735.03 11.46 2
439 710000 1 2206.13 735.99 11.47 2
440 1100000 1 891.15 -782.54 101.31 0
441 180000 1 1106.38 -299.51 74.54 0
442 870000 1 2122.98 732.11 11.46 2
443 780000 1 2093.06 730.39 11.45 2
444 610000 1 2064.86 731.13 11.47 2
445 605000 1 2042.14 731.48 11.46 2
446 560000 1 2013.00 730.47 11.45 2
447 780000 1 2014.22 775.07 11.46 2
448 509000 1 2043.20 775.95 11.45 2
449 450000 1 2071.28 776.43 11.46 2
450 604000 1 2094.44 775.03 11.45 2
451 540000 1 2122.22 775.94 11.45 2
452 407000 1 1464.50 1895.08 11.46 2
453 406000 1 1464.65 1919.76 11.46 2
454 450000 1 1439.36 1951.47 11.46 2
455 430000 1 1412.72 1951.62 11.45 2
456 386000 1 1364.51 1896.30 11.47 2
457 310000 1 1364.24 1931.92 11.47 2
458 900000 1 -2792.15 212.20 10.05 1
459 900000 1 -2789.19 183.86 10.06 1
460 900000 1 -2791.75 103.76 10.05 1
461 800000 1 -2791.75 91.78 7.86 1
462 910000 1 -2791.92 -17.59 7.86 1
463 800000 1 -2791.59 -36.09 7.86 1
464 900000 1 -2789.39 -52.73 10.06 1
465 900000 1 -2789.27 -181.25 10.06 1
466 850000 1 -2791.58 -145.77 7.86 1
467 900000 1 -2791.82 -134.47 10.05 1
468 950000 1 -2724.79 -92.38 6.97 1
469 900000 1 -2689.24 -114.14 5.00 1
470 800000 1 -2689.45 -152.74 5.00 1
471 800000 1 -2723.18 -127.80 5.00 1
472 1140000 2 -310.67 1303.99 53.66 2
473 640000 1 986.36 2271.43 11.46 2
474 625000 1 956.88 2270.33 11.47 2
475 654000 1 985.55 2314.35 11.46 2
476 430000 1 984.67 2343.79 11.47 2
477 530000 1 1032.77 2316.35 11.47 2
478 1200000 2 1223.21 2616.59 10.83 2
479 1130000 2 1225.48 2584.76 10.82 2
480 1230000 2 1265.59 2609.82 10.82 2
481 1230000 2 1285.11 2610.72 10.82 2
482 890000 1 1314.07 2609.97 11.30 2
483 890000 1 1345.05 2610.01 11.30 2
484 1250000 2 1274.17 2522.27 10.82 2
485 1100000 2 1269.82 2554.44 10.83 2
486 1150000 2 1316.30 2524.74 10.82 2
487 980000 2 1325.65 2567.54 10.82 2
488 1100000 2 1359.52 2565.52 10.83 2
489 1100000 2 1349.50 2567.87 10.82 2
490 980000 2 1417.99 2567.48 10.82 2
491 1050000 2 1441.68 2567.85 10.82 2
492 1100000 2 1451.87 2565.62 10.83 2
493 1100000 2 1503.31 2567.86 10.82 2
494 1250000 2 1513.32 2565.43 10.83 2
495 1230000 2 1551.65 2567.53 10.82 2
496 1240000 2 1564.35 2565.62 10.83 2
497 1230000 2 1596.47 2567.78 10.82 2
498 1230000 2 1623.16 2567.53 10.82 2
499 560000 1 1645.96 2569.78 10.82 2
500 610000 1 1665.70 2569.63 11.30 2
501 610000 1 1667.03 2609.85 11.30 2
502 540000 1 1638.37 2610.44 10.82 2
503 540000 1 1554.34 2610.54 10.82 2
504 540000 1 1672.72 2800.97 10.82 2
505 587000 1 1565.26 2756.88 10.82 2
506 523000 1 1564.56 2776.23 10.82 2
507 597000 1 1565.30 2793.31 10.82 2
508 569000 1 1654.77 2801.00 10.82 2
509 546000 1 1637.71 2801.67 10.82 2
510 561000 1 1618.29 2800.99 10.82 2
511 580000 1 2481.21 1524.82 11.77 2
512 580000 1 2460.97 1558.32 11.78 2
513 580000 1 2532.12 1507.26 11.78 2
514 580000 1 2561.66 1561.37 10.82 2
515 1600000 2 -2655.30 985.79 64.99 1
516 165000 1 2411.22 -6.14 27.68 0
517 165000 1 2411.06 22.10 27.68 0
518 165000 1 2374.04 21.95 28.44 0
519 160000 1 2373.99 41.96 28.44 0
520 160000 1 2374.03 71.13 28.44 0
521 160000 1 2398.37 111.56 28.44 0
522 144000 0 -2132.66 -2511.03 31.82 1
523 155000 0 2458.85 128.82 27.68 0
524 162000 1 2443.85 92.15 28.44 0
525 162000 1 2482.05 126.49 27.68 0
526 158000 1 2517.79 128.86 27.68 0
527 145000 0 2514.01 94.40 27.68 0
528 999000 2 -2551.85 2266.55 5.48 1
529 1000000 2 -2523.55 2238.83 5.40 1
530 6500000 3 691.38 -1275.65 13.56 0
531 140000 1 252.71 -121.06 3.54 0
532 220000 1 2363.78 116.29 28.44 0
533 145000 0 -2220.30 -2399.96 32.58 1
534 145000 0 -2238.77 -2423.37 32.71 1
535 140000 0 -2213.60 -2451.31 31.82 1
536 150000 0 -2225.04 -2482.47 31.82 1
537 145000 0 -2172.81 -2482.50 31.82 1
538 147000 0 -2192.25 -2511.05 31.82 1
539 148000 0 -2180.92 -2520.07 31.82 1
540 143000 0 -2161.10 -2535.60 31.82 1
541 225000 1 2363.79 141.90 28.44 0
542 215000 1 2361.99 165.74 28.45 0
543 230000 1 2363.67 187.19 28.44 0
544 230000 1 2324.05 191.73 28.44 0
545 225000 1 2324.05 162.13 28.44 0
546 215000 1 2324.03 136.74 28.44 0
547 200000 1 2324.04 116.06 28.44 0
548 130000 0 2245.33 -122.14 28.15 0
549 140000 0 2271.78 -118.20 28.15 0
550 132000 0 2293.59 -124.80 28.15 0
551 140000 0 2313.89 -124.79 28.15 0
552 139000 0 2203.28 -89.09 28.15 0
553 129000 0 2198.03 -59.98 28.15 0
554 142000 0 2201.42 -37.43 28.15 0
555 132000 0 2245.09 -1.83 28.15 0
556 142000 0 2245.09 -1.83 28.15 0
557 42000 0 -607.46 -1074.02 23.50 0
558 39000 0 -600.46 -1065.57 23.41 0
559 37000 0 -594.56 -1057.09 23.36 0
560 41000 0 -588.81 -1048.70 23.33 0
561 46000 0 -582.58 -1040.59 23.59 0
562 37500 0 -576.67 -1032.06 23.83 0
563 95000 0 -348.16 -1048.21 59.36 0
564 32000 0 -2069.15 -2494.78 31.07 1
565 35000 0 -2087.56 -2510.95 31.07 1
566 32000 0 -2101.54 -2532.82 31.07 1
567 39000 0 -2075.74 -2526.73 31.07 1
568 45000 0 -2057.68 -2503.06 31.07 1
569 43000 0 -2045.59 -2522.54 31.07 1
570 49000 0 -2052.59 -2544.06 31.07 1
571 46500 0 -2069.15 -2560.85 31.07 1
572 51000 0 -2042.28 -2559.11 30.84 1
573 53200 0 -2031.52 -2539.38 31.07 1
574 370000 1 -2348.31 2423.35 7.33 1
575 400000 1 -2379.13 2444.11 10.17 1
576 399000 1 -2424.96 2448.89 13.15 1
577 410000 1 -2479.57 2449.84 17.32 1
578 200000 1 -2437.35 2354.63 5.44 1
579 350000 1 -2583.61 2308.46 7.00 1
580 450000 1 -2627.45 2292.19 8.31 1
581 500000 1 -2627.14 2318.76 8.31 1
582 45100 0 -1667.50 2486.20 87.18 2
583 46120 0 -1670.14 2546.22 85.24 2
584 46000 0 -1669.43 2597.67 81.45 2
585 52100 0 -1587.23 2650.64 55.86 2
586 53200 0 -1568.15 2630.23 55.84 2
587 52390 0 -1563.59 2651.90 55.84 2
588 51200 0 -1514.05 2647.24 56.18 2
589 52100 0 -1458.12 2654.94 55.84 2
590 52700 0 -1445.06 2652.22 56.27 2
591 54240 0 -1590.37 2706.34 56.18 2
592 56000 0 -1577.31 2687.02 55.84 2
593 51400 0 -1564.96 2711.79 55.86 2
594 53000 0 -1550.51 2700.75 56.27 2
595 53100 0 -1529.59 2686.36 55.84 2
596 51360 0 -1512.50 2695.70 56.07 2
597 52700 0 -1491.33 2685.93 55.86 2
598 51000 0 -1483.14 2702.61 56.25 2
599 54321 0 -1465.95 2693.54 56.27 2
600 52000 0 -1450.32 2691.37 56.18 2
601 800000 1 -910.70 2687.25 42.37 2
602 170000 1 1956.87 730.77 10.82 2
603 180000 1 1943.62 742.71 10.82 2
604 180000 1 1929.26 742.75 10.82 2
605 390000 1 2065.62 2721.81 10.82 2
606 180000 1 1896.94 682.42 10.82 2
607 180000 1 1916.67 742.74 10.82 2
608 180000 1 1896.94 668.32 10.82 2
609 180000 1 1918.90 664.35 10.82 2
610 180000 1 1944.86 663.70 10.82 2
611 180000 1 1956.91 677.74 10.82 2
612 180000 1 1897.17 728.77 10.82 2
613 180000 1 1901.85 742.68 10.82 2
614 52000 0 -1478.73 2547.34 56.25 2
615 52300 0 -1476.60 2561.62 56.18 2
616 48000 0 -1449.73 2562.36 56.02 2
617 52000 0 -1448.86 2637.19 56.25 2
618 52740 0 -1604.16 2687.78 55.29 2
619 380000 1 2056.50 2665.00 10.82 2
620 382000 1 2037.19 2664.36 10.82 2
621 405000 1 2018.08 2664.48 11.30 2
622 390000 1 1989.49 2664.99 10.82 2
623 390000 1 1969.73 2664.31 10.82 2
624 405000 1 1950.25 2664.46 11.30 2
625 405000 1 1921.95 2664.99 10.82 2
626 390000 1 1931.08 2721.94 10.82 2
627 405000 1 1950.39 2722.15 10.82 2
628 405000 1 1969.87 2722.01 11.30 2
629 390000 1 1998.27 2721.47 10.82 2
630 405000 1 2017.82 2722.11 10.82 2
631 405000 1 2037.34 2720.59 11.54 2
632 1230000 2 2049.77 2763.44 10.82 2
633 1230000 2 2039.48 2766.40 10.83 2
634 1150000 2 2018.50 2766.32 10.83 2
635 1150000 2 1993.07 2764.45 10.82 2
636 1145000 2 1967.35 2766.54 10.83 2
637 1200000 2 1929.65 2774.18 10.82 2
638 35000 0 -274.65 2736.04 62.75 2
639 400000 1 -362.75 1111.80 20.94 2
640 400000 1 -360.81 1141.79 20.94 2
641 450000 1 -369.45 1169.62 20.27 2
642 320000 1 -324.59 1165.53 20.94 2
643 300000 1 -292.58 1123.00 20.94 2
644 300000 1 -328.37 1119.11 20.94 2
645 320000 1 -297.62 1115.51 20.94 2
646 300000 1 -290.84 1176.82 20.94 2
647 340000 1 -258.30 1149.89 20.94 2
648 320000 1 -252.90 1118.90 20.94 2
649 340000 1 -258.42 1168.53 20.94 2
650 320000 1 -260.30 1120.53 20.94 2
651 300000 1 -258.43 1043.90 20.94 2
652 320000 1 -279.00 1003.16 20.94 2
653 300000 1 -248.61 1001.25 20.94 2
654 340000 1 -258.99 1083.18 20.94 2
655 35000 0 -886.51 1514.32 25.91 2
656 32000 0 -905.79 1514.23 26.32 2
657 30000 0 -905.00 1528.50 25.91 2
658 35000 0 -882.01 1531.87 25.91 2
659 36000 0 -905.85 1543.07 25.91 2
660 30000 0 -883.94 1553.40 25.91 2
661 32000 0 -881.53 1562.31 25.91 2
662 2000000 2 -2116.22 927.68 86.08 1
663 1600000 3 -310.67 1303.99 53.66 2
664 35000 0 -884.44 1538.14 26.03 2
665 36000 0 -637.34 1447.04 14.00 2
666 32000 0 -650.93 1445.95 13.62 2
667 32000 0 -658.33 1446.68 13.62 2
668 40000 0 -689.89 1444.09 17.81 2
669 42000 0 -715.64 1439.23 18.89 2
670 42000 0 -742.99 1432.29 16.10 2
671 38000 0 -91.02 -1592.71 3.00 0
672 38000 0 -89.74 -1565.33 3.00 0
673 40000 0 -69.49 -1545.17 3.00 0
674 45000 0 -2478.80 2488.60 18.23 1
675 42000 0 -2478.77 2509.88 17.97 1
676 45000 0 -2446.41 2512.53 15.70 1
677 40000 0 -2422.12 2491.92 13.13 1
678 34000 0 -1802.26 2038.00 9.59 2
679 45000 0 -1828.33 2042.72 8.66 2
680 50000 0 -1500.27 1960.28 49.02 2
681 36000 0 -1426.04 2169.91 50.05 2
682 42000 0 -311.33 2726.75 63.07 2
683 150000 1 -280.06 2721.97 62.48 2
684 38000 0 -287.46 2757.88 62.51 2
685 32000 0 -258.12 2782.80 62.69 2
686 37000 0 -268.77 2768.62 61.89 2
687 38000 0 -232.32 2807.54 62.05 2
688 35000 0 -218.88 2766.11 62.69 2
689 36000 0 -201.71 2771.70 62.35 2
690 38000 0 -161.29 2728.08 62.20 2
691 38000 0 -168.74 2708.95 62.61 2
692 34000 0 -151.15 2688.75 62.43 2
693 1200000 2 -207.61 1119.09 20.43 2
694 35000 0 -121.61 857.60 18.58 2
695 42000 0 -123.04 874.79 18.73 2
696 36000 0 -152.38 881.96 18.45 2
697 34000 0 -153.61 907.08 19.30 2
698 34000 0 -150.88 933.70 19.72 2
699 36000 0 -92.38 887.02 21.25 2
700 38000 0 -52.46 894.36 22.39 2
701 34000 0 -53.65 918.88 22.37 2
702 32000 0 -56.11 935.32 21.21 2
703 32000 0 -66.95 971.77 19.88 2
704 32000 0 -93.37 970.08 19.98 2
705 32000 0 -37.64 961.48 20.05 2
706 36000 0 -16.35 934.28 21.11 2
707 32000 0 21.02 948.97 20.32 2
708 34000 0 1294.94 174.18 20.91 0
709 32000 0 1283.70 159.04 20.79 0
710 32000 0 1311.44 169.85 20.63 0
711 32000 0 1451.56 375.59 19.40 0
712 32000 0 1447.36 361.80 18.91 0
713 36000 0 1465.49 364.44 19.26 0
714 36000 0 1435.42 335.44 18.84 0
715 40000 0 1427.83 355.99 18.88 0
716 32000 0 1409.31 346.20 19.05 0
717 36000 0 1413.21 362.92 19.19 0
718 35000 0 1418.90 389.91 19.32 0
719 35000 0 772.79 348.58 20.15 0
720 36000 0 758.65 375.05 23.20 0
721 36000 0 805.80 358.39 19.76 0
722 34000 0 746.63 305.60 20.23 0
723 36000 0 718.72 300.58 20.23 0
724 36000 0 747.60 257.22 27.09 0
725 37000 0 724.14 269.28 22.45 0
726 31000 0 705.42 291.61 20.42 0
727 36000 0 286.18 41.40 2.55 0
728 37000 0 308.58 43.99 3.09 0
729 36000 0 342.41 62.56 3.85 0
730 36000 0 340.53 34.23 6.42 0
731 140000 1 296.83 -54.66 2.78 0
732 130000 1 267.64 -54.56 2.78 0
733 150000 1 312.92 -91.79 3.54 0
734 140000 1 313.29 -121.36 3.54 0
735 150000 1 252.71 -92.25 3.54 0
736 212000 1 743.37 -509.37 18.01 0
737 220000 1 745.18 -556.17 18.01 0
738 214000 1 768.30 -503.92 18.01 0
739 209000 1 766.35 -556.63 18.01 0
740 198000 1 794.90 -506.39 18.01 0
741 230000 1 818.23 -509.51 18.01 0
742 215000 1 744.48 -590.65 18.01 0
743 150000 1 1549.16 2125.98 11.46 2
744 150000 1 1550.27 2096.48 11.46 2
745 135000 1 1553.30 2074.46 11.36 2
746 137000 1 1596.45 2147.33 11.46 2
747 141000 1 1595.69 2122.81 11.46 2
748 143000 1 1641.07 2150.31 11.31 2
749 147000 1 1645.20 2127.57 11.20 2
750 150000 1 1640.14 2102.49 11.31 2
751 148000 1 1640.14 2075.70 11.31 2
752 140000 1 1596.59 2093.76 11.31 2
753 150000 1 1595.18 2071.32 11.32 2
754 130000 1 1641.51 2044.32 11.32 2
755 132000 1 1595.66 2038.12 11.47 2
756 144000 1 1684.68 2046.09 11.47 2
757 148000 1 1679.52 2069.14 11.36 2
758 140000 1 1686.73 2094.26 11.46 2
759 150000 1 1685.57 2123.60 11.46 2
760 50000 0 1495.91 2033.63 10.82 2
761 50000 0 1503.15 2033.15 10.82 2
762 50000 0 1495.79 2027.49 10.82 2
763 50000 0 1503.09 2026.46 10.82 2
764 50000 0 1495.84 2032.96 14.74 2
765 50000 0 1503.07 2033.28 14.74 2
766 50000 0 1495.87 2026.85 14.74 2
767 50000 0 1503.16 2027.48 14.74 2
768 50000 0 1548.10 2003.73 10.82 2
769 50000 0 1548.72 1996.54 10.82 2
770 50000 0 1543.05 2003.75 10.82 2
771 50000 0 1543.03 1996.45 10.82 2
772 50000 0 1549.02 2003.75 14.74 2
773 50000 0 1548.43 1996.52 14.74 2
774 50000 0 1542.36 2003.75 14.74 2
775 50000 0 1542.84 1996.52 14.74 2
776 50000 0 1408.46 1996.55 10.82 2
777 50000 0 1408.05 2003.91 10.82 2
778 50000 0 1414.57 1996.54 10.82 2
779 50000 0 1413.96 2003.81 10.82 2
780 50000 0 1408.16 1996.54 14.74 2
781 50000 0 1408.00 2003.72 14.74 2
782 50000 0 1413.90 1996.52 14.74 2
783 50000 0 1414.34 2003.75 14.74 2
784 50000 0 1453.92 2032.92 10.82 2
785 50000 0 1461.08 2033.34 10.82 2
786 50000 0 1453.87 2027.30 10.82 2
787 50000 0 1461.10 2027.23 10.82 2
788 50000 0 1453.78 2032.66 14.74 2
789 50000 0 1461.09 2032.86 14.74 2
790 50000 0 1453.89 2026.92 14.74 2
791 50000 0 1461.08 2026.93 14.74 2
792 85000 0 2296.69 -1882.17 14.23 0
793 81000 0 2269.58 -1882.20 14.23 0
794 77000 0 2242.16 -1882.29 14.23 0
795 80000 0 2284.44 -1906.46 14.93 0
796 83000 0 2261.28 -1906.69 14.94 0
797 82300 0 2238.81 -1906.77 14.94 0
798 90000 0 2380.09 -1785.39 13.55 0
799 91000 0 2360.02 -1795.36 13.55 0
800 87000 0 2343.69 -1785.64 13.55 0
801 89500 0 2322.46 -1795.77 13.55 0
802 87000 0 2307.68 -1785.52 13.56 0
803 90000 0 2290.33 -1795.61 13.55 0
804 88200 0 2274.86 -1785.60 13.55 0
805 91330 0 2248.11 -1795.73 13.55 0
806 60000 0 2374.13 1642.80 11.02 2
807 60000 0 2369.02 1642.59 11.02 2
808 60000 0 2384.43 1659.78 10.82 2
809 60000 0 2384.43 1659.78 10.82 2
810 60000 0 2384.43 1659.78 10.82 2
811 60000 0 2384.43 1659.78 10.82 2
812 60000 0 2384.43 1659.78 10.82 2
813 60000 0 2384.43 1659.78 10.82 2
814 60000 0 2384.43 1659.78 10.82 2
815 60000 0 2384.43 1659.78 10.82 2
816 60000 0 2384.43 1659.78 10.82 2
817 60000 0 2384.43 1659.78 10.82 2
818 60000 0 2384.43 1659.78 10.82 2
819 60000 0 2384.43 1659.78 10.82 2
820 60000 0 2384.43 1659.78 10.82 2
821 60000 0 2384.43 1659.78 10.82 2
822 60000 0 2384.43 1659.78 10.82 2
823 60000 0 2384.43 1659.78 10.82 2
824 60000 0 2384.43 1659.78 10.82 2
825 60000 0 2384.43 1659.78 10.82 2
826 60000 0 2384.43 1659.78 10.82 2
827 180000 1 -2159.83 1030.85 80.01 1
828 180000 1 -2159.72 1067.05 80.01 1
829 180000 1 -2126.55 1088.33 80.01 1
830 180000 1 -2126.57 1070.10 80.01 1
831 180000 1 -2126.96 1050.53 80.01 1
832 180000 1 -2126.59 1032.92 80.01 1
833 180000 1 -2126.60 1014.87 80.01 1
834 180000 1 -2126.53 996.63 80.01 1
835 180000 1 -2126.56 979.83 80.01 1
836 180000 1 -2129.76 941.78 80.00 1
837 180000 1 -2130.40 894.59 80.00 1
838 180000 1 -2158.52 889.09 80.01 1
839 2000000 3 1423.45 -23.14 33.17 0
840 2000000 3 1441.34 -42.54 33.91 0
841 500000 4 287.77 -1616.85 33.70 3
842 500000 4 287.77 -1616.85 33.70 3
843 500000 4 287.77 -1616.85 33.70 2
844 500000 4 287.77 -1616.85 33.70 2
845 500000 4 287.77 -1616.85 33.70 3
846 500000 4 287.77 -1616.85 33.70 3
847 500000 4 287.77 -1616.85 33.70 2
848 500000 4 287.77 -1616.85 33.70 2
849 500000 4 287.77 -1616.85 33.70 3
850 500000 4 287.77 -1616.85 33.70 3
851 500000 4 287.77 -1616.85 33.70 2
852 500000 4 287.77 -1616.85 33.70 2
853 500000 4 287.77 -1616.85 33.70 3
854 500000 4 287.77 -1616.85 33.70 3
855 500000 4 287.77 -1616.85 33.70 2
856 500000 4 287.77 -1616.85 33.70 2
857 500000 4 287.77 -1616.85 33.70 3
858 500000 4 287.77 -1616.85 33.70 3
859 500000 4 287.77 -1616.85 33.70 2
860 500000 4 287.77 -1616.85 33.70 2
861 500000 4 287.77 -1616.85 33.70 3
862 500000 4 287.77 -1616.85 33.70 3
863 500000 4 287.77 -1616.85 33.70 2
864 500000 4 287.77 -1616.85 33.70 2
865 500000 4 287.77 -1616.85 33.70 3
866 500000 4 287.77 -1616.85 33.70 3
867 500000 4 287.77 -1616.85 33.70 2
868 500000 4 287.77 -1616.85 33.70 2
869 500000 4 287.77 -1616.85 33.70 3
870 500000 4 287.77 -1616.85 33.70 3
871 500000 4 287.77 -1616.85 33.70 2
872 500000 4 287.77 -1616.85 33.70 2
873 600000 4 287.77 -1616.85 33.70 3
874 600000 4 287.77 -1616.85 33.70 3
875 600000 4 287.77 -1616.85 33.70 2
876 600000 4 287.77 -1616.85 33.70 2
877 700000 4 287.77 -1616.85 33.70 3
878 700000 4 287.77 -1616.85 33.70 3
879 700000 4 287.77 -1616.85 33.70 2
880 700000 4 287.77 -1616.85 33.70 2
881 700000 4 287.77 -1616.85 33.70 3
882 700000 4 287.77 -1616.85 33.70 3
883 700000 4 287.77 -1616.85 33.70 2
884 700000 4 287.77 -1616.85 33.70 2
885 800000 4 287.77 -1616.85 33.70 3
886 800000 4 287.77 -1616.85 33.70 3
887 800000 4 287.77 -1616.85 33.70 2
888 800000 4 287.77 -1616.85 33.70 2
889 10000000 3 3129.06 -97.59 4.20 0
890 10000000 3 3135.17 -146.11 4.20 0
891 10000000 3 3139.22 -195.15 4.20 0
892 10000000 3 3150.11 -297.67 4.20 0
893 10000000 3 3156.63 -346.26 4.20 0
894 10000000 3 3159.81 -395.15 4.20 0
895 10000000 3 3206.40 -390.56 4.20 0
896 10000000 3 3199.39 -342.03 4.20 0
897 10000000 3 3181.57 -141.74 4.20 0
898 10000000 3 3176.29 -93.12 4.20 0
899 10000000 3 3315.80 -79.32 4.20 0
900 10000000 3 3320.68 -127.66 4.20 0
901 10000000 3 3341.36 -328.15 4.20 0
902 10000000 3 3347.08 -376.10 4.20 0
903 10000000 3 3389.66 -372.38 4.20 0
904 10000000 3 3383.84 -323.62 4.20 0
905 10000000 3 3377.46 -275.07 4.20 0
906 10000000 3 3370.86 -171.95 4.20 0
907 10000000 3 3366.11 -123.28 4.20 0
908 10000000 3 3360.49 -74.69 4.20 0
909 4000000 3 1588.59 -654.34 94.30 0
910 2500 3 1107.09 537.34 20.20 0
911 3600 3 1027.20 570.04 18.19 0
912 12500 3 966.73 463.61 20.64 0
913 2100 3 983.05 370.11 20.59 0
914 2100 3 978.66 366.71 20.48 0
915 25000 3 792.71 438.32 8.16 0
916 21000 3 685.63 361.65 20.25 0
917 1660 3 837.45 311.88 22.10 0
918 1500 3 647.56 287.30 20.26 0
919 4750 3 537.94 333.94 17.40 0
920 1250 3 584.50 271.95 18.46 0
921 1500 3 655.28 285.88 20.31 0